version 1
nodes
  0 "Box01" -1
end
skeleton
time 0
  0 0.000000 0.000000 0.073350 0.000000 0.000000 0.000000
end
triangles
suitcase_front.bmp
  0 17.430000 1.850000 0.233350 0.706807 0.000100 -0.707407 0.046875 0.013889
  0 -17.480000 -2.720000 0.203350 -0.576115 -0.576415 -0.579515 0.921875 0.013889
  0 -17.480000 1.850000 0.203350 -0.707107 0.000100 -0.707107 0.921875 0.013889
suitcase_front.bmp
  0 -17.480000 1.850000 0.203350 -0.707107 0.000100 -0.707107 0.921875 0.013889
  0 -17.480000 -2.720000 0.203350 -0.576115 -0.576415 -0.579515 0.921875 0.013889
  0 -17.459999 1.820000 25.523352 -0.894327 0.000000 0.447414 0.921875 0.680556
suitcase_front.bmp
  0 -17.480000 -2.720000 0.203350 -0.576115 -0.576415 -0.579515 0.921875 0.013889
  0 -17.459999 -2.860000 25.523352 -0.410597 -0.408697 0.815093 0.921875 0.680556
  0 -17.459999 1.820000 25.523352 -0.894327 0.000000 0.447414 0.921875 0.680556
suitcase_front.bmp
  0 -17.459999 1.820000 25.523352 -0.894327 0.000000 0.447414 0.921875 0.680556
  0 -17.459999 -2.860000 25.523352 -0.410597 -0.408697 0.815093 0.921875 0.680556
  0 17.459999 1.820000 25.613352 0.445693 -0.000100 0.895186 0.046875 0.680556
suitcase_front.bmp
  0 -17.459999 -2.860000 25.523352 -0.410597 -0.408697 0.815093 0.921875 0.680556
  0 17.459999 -2.860000 25.613352 0.667315 -0.668215 0.328907 0.046875 0.680556
  0 17.459999 1.820000 25.613352 0.445693 -0.000100 0.895186 0.046875 0.680556
suitcase_front.bmp
  0 17.459999 1.820000 25.613352 0.445693 -0.000100 0.895186 0.046875 0.680556
  0 17.459999 -2.860000 25.613352 0.667315 -0.668215 0.328907 0.046875 0.680556
  0 17.430000 1.850000 0.233350 0.706807 0.000100 -0.707407 0.046875 0.013889
suitcase_front.bmp
  0 17.459999 -2.860000 25.613352 0.667315 -0.668215 0.328907 0.046875 0.680556
  0 17.430000 -2.720000 0.233350 0.576213 -0.575613 -0.580213 0.046875 0.013889
  0 17.430000 1.850000 0.233350 0.706807 0.000100 -0.707407 0.046875 0.013889
suitcase_front.bmp
  0 17.430000 1.850000 0.233350 0.706807 0.000100 -0.707407 0.046875 0.013889
  0 17.430000 -2.720000 0.233350 0.576213 -0.575613 -0.580213 0.046875 0.013889
  0 -17.480000 -2.720000 0.203350 -0.576115 -0.576415 -0.579515 0.921875 0.013889
suitcase_front.bmp
  0 17.430000 -2.720000 0.233350 0.576213 -0.575613 -0.580213 0.046875 0.013889
  0 17.459999 -2.860000 25.613352 0.667315 -0.668215 0.328907 0.046875 0.680556
  0 -17.480000 -2.720000 0.203350 -0.576115 -0.576415 -0.579515 0.921875 0.013889
suitcase_front.bmp
  0 -17.480000 -2.720000 0.203350 -0.576115 -0.576415 -0.579515 0.921875 0.013889
  0 17.459999 -2.860000 25.613352 0.667315 -0.668215 0.328907 0.046875 0.680556
  0 -17.459999 -2.860000 25.523352 -0.410597 -0.408697 0.815093 0.921875 0.680556
suitcase_front.bmp
  0 17.430000 6.030000 0.303350 0.665677 0.332688 -0.667977 0.046875 0.013889
  0 -17.480000 1.420000 0.283350 -0.707107 0.000100 -0.707107 0.921875 0.013889
  0 -17.480000 6.030000 0.283350 -0.407312 0.815325 -0.411512 0.921875 0.013889
suitcase_front.bmp
  0 -17.480000 6.030000 0.283350 -0.407312 0.815325 -0.411512 0.921875 0.013889
  0 -17.480000 1.420000 0.283350 -0.707107 0.000100 -0.707107 0.921875 0.013889
  0 -17.459999 6.150000 25.603352 -0.817395 0.407998 0.406698 0.921875 0.791667
suitcase_front.bmp
  0 -17.480000 1.420000 0.283350 -0.707107 0.000100 -0.707107 0.921875 0.013889
  0 -17.459999 1.390000 25.593351 -0.448813 -0.000300 0.893626 0.921875 0.680556
  0 -17.459999 6.150000 25.603352 -0.817395 0.407998 0.406698 0.921875 0.791667
suitcase_front.bmp
  0 -17.459999 6.150000 25.603352 -0.817395 0.407998 0.406698 0.921875 0.791667
  0 -17.459999 1.390000 25.593351 -0.448813 -0.000300 0.893626 0.921875 0.680556
  0 17.459999 6.150000 25.683352 0.332799 0.668697 0.664898 0.046875 0.791667
suitcase_front.bmp
  0 -17.459999 1.390000 25.593351 -0.448813 -0.000300 0.893626 0.921875 0.680556
  0 17.459999 1.390000 25.683352 0.894787 -0.000200 0.446493 0.046875 0.680556
  0 17.459999 6.150000 25.683352 0.332799 0.668697 0.664898 0.046875 0.791667
suitcase_front.bmp
  0 17.459999 6.150000 25.683352 0.332799 0.668697 0.664898 0.046875 0.791667
  0 17.459999 1.390000 25.683352 0.894787 -0.000200 0.446493 0.046875 0.680556
  0 17.430000 6.030000 0.303350 0.665677 0.332688 -0.667977 0.046875 0.013889
suitcase_front.bmp
  0 17.459999 1.390000 25.683352 0.894787 -0.000200 0.446493 0.046875 0.680556
  0 17.430000 1.420000 0.303350 0.706807 0.000100 -0.707407 0.046875 0.013889
  0 17.430000 6.030000 0.303350 0.665677 0.332688 -0.667977 0.046875 0.013889
suitcase_front.bmp
  0 17.430000 6.030000 0.303350 0.665677 0.332688 -0.667977 0.046875 0.013889
  0 17.430000 1.420000 0.303350 0.706807 0.000100 -0.707407 0.046875 0.013889
  0 -17.480000 1.420000 0.283350 -0.707107 0.000100 -0.707107 0.921875 0.013889
suitcase_front.bmp
  0 4.590000 1.940000 25.203350 0.859814 -0.000300 0.510608 0.367188 0.666667
  0 7.030000 3.880000 25.183352 0.006200 -0.962331 -0.271809 0.304688 0.666667
  0 2.950000 1.940000 27.973351 0.995323 -0.000100 0.096602 0.406250 0.888889
suitcase_front.bmp
  0 2.950000 1.940000 27.973351 0.995323 -0.000100 0.096602 0.406250 0.888889
  0 7.030000 3.880000 25.183352 0.006200 -0.962331 -0.271809 0.304688 0.666667
  0 4.300000 1.940000 29.303350 -0.280607 0.000200 -0.959823 0.367188 0.916667
suitcase_front.bmp
  0 7.030000 3.880000 25.183352 0.006200 -0.962331 -0.271809 0.304688 0.666667
  0 7.030000 0.000000 25.183352 0.006500 0.962587 -0.270896 0.304688 0.666667
  0 4.300000 1.940000 29.303350 -0.280607 0.000200 -0.959823 0.367188 0.916667
suitcase_front.bmp
  0 4.300000 1.940000 29.303350 -0.280607 0.000200 -0.959823 0.367188 0.916667
  0 7.030000 0.000000 25.183352 0.006500 0.962587 -0.270896 0.304688 0.666667
  0 2.950000 1.940000 27.973351 0.995323 -0.000100 0.096602 0.406250 0.888889
suitcase_front.bmp
  0 7.030000 0.000000 25.183352 0.006500 0.962587 -0.270896 0.304688 0.666667
  0 4.590000 1.940000 25.203350 0.859814 -0.000300 0.510608 0.367188 0.666667
  0 2.950000 1.940000 27.973351 0.995323 -0.000100 0.096602 0.406250 0.888889
suitcase_front.bmp
  0 -5.070000 1.940000 29.253351 -0.707107 0.000100 -0.707107 0.609375 0.916667
  0 -5.610000 1.940000 25.203350 -0.991170 0.000700 0.132596 0.625000 0.666667
  0 -3.790000 1.940000 27.983351 0.000000 0.000000 0.000000 0.578125 0.888889
suitcase_front.bmp
  0 -5.070000 1.940000 29.253351 -0.707107 0.000100 -0.707107 0.609375 0.916667
  0 -8.020000 3.890000 25.173351 0.195100 -0.823702 -0.532401 0.687500 0.666667
  0 -5.610000 1.940000 25.203350 -0.991170 0.000700 0.132596 0.625000 0.666667
suitcase_front.bmp
  0 -5.070000 1.940000 29.253351 -0.707107 0.000100 -0.707107 0.609375 0.916667
  0 -8.020000 0.000000 25.173351 0.195891 0.823661 -0.532175 0.687500 0.666667
  0 -8.020000 3.890000 25.173351 0.195100 -0.823702 -0.532401 0.687500 0.666667
suitcase_front.bmp
  0 -5.070000 1.940000 29.253351 -0.707107 0.000100 -0.707107 0.609375 0.916667
  0 -5.610000 1.940000 25.203350 -0.991170 0.000700 0.132596 0.625000 0.666667
  0 -8.020000 0.000000 25.173351 0.195891 0.823661 -0.532175 0.687500 0.666667
suitcase_front.bmp
  0 -5.070000 1.940000 29.253351 -0.707107 0.000100 -0.707107 0.609375 0.916667
  0 -3.790000 1.940000 27.983351 0.000000 0.000000 0.000000 0.578125 0.888889
  0 -5.610000 1.940000 25.203350 -0.991170 0.000700 0.132596 0.625000 0.666667
suitcase_front.bmp
  0 17.430000 6.030000 0.303350 0.665677 0.332688 -0.667977 0.976563 0.013889
  0 -17.480000 6.030000 0.283350 -0.407312 0.815325 -0.411512 0.000000 0.013889
  0 17.459999 6.150000 25.683352 0.332799 0.668697 0.664898 0.976563 0.805556
suitcase_front.bmp
  0 17.459999 6.150000 25.683352 0.332799 0.668697 0.664898 0.976563 0.805556
  0 -17.480000 6.030000 0.283350 -0.407312 0.815325 -0.411512 0.000000 0.013889
  0 -17.459999 6.150000 25.603352 -0.817395 0.407998 0.406698 0.000000 0.805556
suitcase_front.bmp
  0 -3.790000 1.940000 27.983351 0.000000 0.000000 0.000000 0.578125 0.888889
  0 4.300000 1.940000 29.303350 -0.280607 0.000200 -0.959823 0.367188 0.916667
  0 -5.070000 1.940000 29.253351 -0.707107 0.000100 -0.707107 0.609375 0.916667
suitcase_front.bmp
  0 -5.070000 1.940000 29.253351 -0.707107 0.000100 -0.707107 0.609375 0.916667
  0 4.300000 1.940000 29.303350 -0.280607 0.000200 -0.959823 0.367188 0.916667
  0 -3.790000 1.940000 27.983351 0.000000 0.000000 0.000000 0.578125 0.888889
suitcase_front.bmp
  0 -3.790000 1.940000 27.983351 0.000000 0.000000 0.000000 0.578125 0.888889
  0 2.950000 1.940000 27.973351 0.995323 -0.000100 0.096602 0.406250 0.888889
  0 4.300000 1.940000 29.303350 -0.280607 0.000200 -0.959823 0.367188 0.916667
suitcase_front.bmp
  0 4.300000 1.940000 29.303350 -0.280607 0.000200 -0.959823 0.367188 0.916667
  0 2.950000 1.940000 27.973351 0.995323 -0.000100 0.096602 0.406250 0.888889
  0 -3.790000 1.940000 27.983351 0.000000 0.000000 0.000000 0.578125 0.888889
suitcase_front.bmp
  0 17.430000 1.420000 0.303350 0.000000 -0.999999 -0.001100 0.976563 0.013889
  0 17.459999 1.390000 25.683352 0.000000 -0.999999 -0.001100 0.984375 1.000000
  0 -17.480000 1.420000 0.283350 0.000000 -0.999999 -0.001100 0.000000 0.013889
suitcase_front.bmp
  0 -17.480000 1.420000 0.283350 0.000000 -0.999999 -0.001100 0.000000 0.013889
  0 17.459999 1.390000 25.683352 0.000000 -0.999999 -0.001100 0.984375 1.000000
  0 -17.459999 1.390000 25.593351 0.000000 -0.999999 -0.001100 0.000000 1.000000
suitcase_front.bmp
  0 17.430000 1.850000 0.233350 0.000000 0.999999 0.001400 0.000000 0.013889
  0 -17.480000 1.850000 0.203350 0.000000 0.999999 0.001400 0.976563 0.013889
  0 17.459999 1.820000 25.613352 0.000000 0.999999 0.001400 0.000000 1.000000
suitcase_front.bmp
  0 17.459999 1.820000 25.613352 0.000000 0.999999 0.001400 0.000000 1.000000
  0 -17.480000 1.850000 0.203350 0.000000 0.999999 0.001400 0.976563 0.013889
  0 -17.459999 1.820000 25.523352 0.000000 0.999999 0.001400 0.976563 1.000000
end
